0.024467 -0.019594 -0.0948204 0.173518 -0.216318 -0.087731 1 0 0 Render_0_0.png
0.024467 -0.019594 -0.0948204 0.173518 -0.216318 -0.087731 -1 -0 -0 Render_0_1.png
0.024467 -0.019594 -0.0948204 0.173518 -0.216318 -0.087731 0 0 1 Render_0_2.png
0.024467 -0.019594 -0.0948204 0.173518 -0.216318 -0.087731 -0 -0 -1 Render_0_3.png
0.024467 -0.019594 -0.0948204 0.32257 -0.413041 -0.0806415 1 0 0 Render_0_4.png
0.024467 -0.019594 -0.0948204 0.32257 -0.413041 -0.0806415 -1 -0 -0 Render_0_5.png
0.024467 -0.019594 -0.0948204 0.32257 -0.413041 -0.0806415 0 0 1 Render_0_6.png
0.024467 -0.019594 -0.0948204 0.32257 -0.413041 -0.0806415 -0 -0 -1 Render_0_7.png
0.024467 -0.019594 -0.0948204 0.471621 -0.609765 -0.0735521 1 0 0 Render_0_8.png
0.024467 -0.019594 -0.0948204 0.471621 -0.609765 -0.0735521 -1 -0 -0 Render_0_9.png
0.024467 -0.019594 -0.0948204 0.471621 -0.609765 -0.0735521 0 0 1 Render_0_10.png
0.024467 -0.019594 -0.0948204 0.471621 -0.609765 -0.0735521 -0 -0 -1 Render_0_11.png
0.024467 -0.019594 -0.0948204 -0.138313 -0.200948 -0.135544 1 0 0 Render_0_12.png
0.024467 -0.019594 -0.0948204 -0.138313 -0.200948 -0.135544 -1 -0 -0 Render_0_13.png
0.024467 -0.019594 -0.0948204 -0.138313 -0.200948 -0.135544 0 0 1 Render_0_14.png
0.024467 -0.019594 -0.0948204 -0.138313 -0.200948 -0.135544 -0 -0 -1 Render_0_15.png
0.024467 -0.019594 -0.0948204 -0.301093 -0.382303 -0.176268 1 0 0 Render_0_16.png
0.024467 -0.019594 -0.0948204 -0.301093 -0.382303 -0.176268 -1 -0 -0 Render_0_17.png
0.024467 -0.019594 -0.0948204 -0.301093 -0.382303 -0.176268 0 0 1 Render_0_18.png
0.024467 -0.019594 -0.0948204 -0.301093 -0.382303 -0.176268 -0 -0 -1 Render_0_19.png
0.024467 -0.019594 -0.0948204 -0.463873 -0.563657 -0.216991 1 0 0 Render_0_20.png
0.024467 -0.019594 -0.0948204 -0.463873 -0.563657 -0.216991 -1 -0 -0 Render_0_21.png
0.024467 -0.019594 -0.0948204 -0.463873 -0.563657 -0.216991 0 0 1 Render_0_22.png
0.024467 -0.019594 -0.0948204 -0.463873 -0.563657 -0.216991 -0 -0 -1 Render_0_23.png
0.024467 -0.019594 -0.0948204 -0.0403162 -0.142768 0.109386 1 0 0 Render_0_24.png
0.024467 -0.019594 -0.0948204 -0.0403162 -0.142768 0.109386 -1 -0 -0 Render_0_25.png
0.024467 -0.019594 -0.0948204 -0.0403162 -0.142768 0.109386 0 1 0 Render_0_26.png
0.024467 -0.019594 -0.0948204 -0.0403162 -0.142768 0.109386 -0 -1 -0 Render_0_27.png
0.024467 -0.019594 -0.0948204 -0.105099 -0.265942 0.313592 1 0 0 Render_0_28.png
0.024467 -0.019594 -0.0948204 -0.105099 -0.265942 0.313592 -1 -0 -0 Render_0_29.png
0.024467 -0.019594 -0.0948204 -0.105099 -0.265942 0.313592 0 1 0 Render_0_30.png
0.024467 -0.019594 -0.0948204 -0.105099 -0.265942 0.313592 -0 -1 -0 Render_0_31.png
0.024467 -0.019594 -0.0948204 -0.169883 -0.389116 0.517798 1 0 0 Render_0_32.png
0.024467 -0.019594 -0.0948204 -0.169883 -0.389116 0.517798 -1 -0 -0 Render_0_33.png
0.024467 -0.019594 -0.0948204 -0.169883 -0.389116 0.517798 0 1 0 Render_0_34.png
0.024467 -0.019594 -0.0948204 -0.169883 -0.389116 0.517798 -0 -1 -0 Render_0_35.png
0.024467 -0.019594 -0.0948204 0.0580298 -0.153339 -0.300146 1 0 0 Render_0_36.png
0.024467 -0.019594 -0.0948204 0.0580298 -0.153339 -0.300146 -1 -0 -0 Render_0_37.png
0.024467 -0.019594 -0.0948204 0.0580298 -0.153339 -0.300146 0 1 0 Render_0_38.png
0.024467 -0.019594 -0.0948204 0.0580298 -0.153339 -0.300146 -0 -1 -0 Render_0_39.png
0.024467 -0.019594 -0.0948204 0.0915926 -0.287084 -0.505472 1 0 0 Render_0_40.png
0.024467 -0.019594 -0.0948204 0.0915926 -0.287084 -0.505472 -1 -0 -0 Render_0_41.png
0.024467 -0.019594 -0.0948204 0.0915926 -0.287084 -0.505472 0 1 0 Render_0_42.png
0.024467 -0.019594 -0.0948204 0.0915926 -0.287084 -0.505472 -0 -1 -0 Render_0_43.png
0.024467 -0.019594 -0.0948204 0.125155 -0.420828 -0.710798 1 0 0 Render_0_44.png
0.024467 -0.019594 -0.0948204 0.125155 -0.420828 -0.710798 -1 -0 -0 Render_0_45.png
0.024467 -0.019594 -0.0948204 0.125155 -0.420828 -0.710798 0 1 0 Render_0_46.png
0.024467 -0.019594 -0.0948204 0.125155 -0.420828 -0.710798 -0 -1 -0 Render_0_47.png
