0.0560719 -0.102255 -0.0744957 0.178297 -0.265861 0.0492535 1 0 0 Render_0_0.png
0.0560719 -0.102255 -0.0744957 0.178297 -0.265861 0.0492535 -1 -0 -0 Render_0_1.png
0.0560719 -0.102255 -0.0744957 0.178297 -0.265861 0.0492535 0 0 1 Render_0_2.png
0.0560719 -0.102255 -0.0744957 0.178297 -0.265861 0.0492535 -0 -0 -1 Render_0_3.png
0.0560719 -0.102255 -0.0744957 0.300522 -0.429467 0.173003 1 0 0 Render_0_4.png
0.0560719 -0.102255 -0.0744957 0.300522 -0.429467 0.173003 -1 -0 -0 Render_0_5.png
0.0560719 -0.102255 -0.0744957 0.300522 -0.429467 0.173003 0 0 1 Render_0_6.png
0.0560719 -0.102255 -0.0744957 0.300522 -0.429467 0.173003 -0 -0 -1 Render_0_7.png
0.0560719 -0.102255 -0.0744957 0.422747 -0.593073 0.296752 1 0 0 Render_0_8.png
0.0560719 -0.102255 -0.0744957 0.422747 -0.593073 0.296752 -1 -0 -0 Render_0_9.png
0.0560719 -0.102255 -0.0744957 0.422747 -0.593073 0.296752 0 0 1 Render_0_10.png
0.0560719 -0.102255 -0.0744957 0.422747 -0.593073 0.296752 -0 -0 -1 Render_0_11.png
0.0560719 -0.102255 -0.0744957 0.235057 0.0502565 -0.115284 0 1 0 Render_0_12.png
0.0560719 -0.102255 -0.0744957 0.235057 0.0502565 -0.115284 -0 -1 -0 Render_0_13.png
0.0560719 -0.102255 -0.0744957 0.235057 0.0502565 -0.115284 0 0 1 Render_0_14.png
0.0560719 -0.102255 -0.0744957 0.235057 0.0502565 -0.115284 -0 -0 -1 Render_0_15.png
0.0560719 -0.102255 -0.0744957 0.414043 0.202768 -0.156073 0 1 0 Render_0_16.png
0.0560719 -0.102255 -0.0744957 0.414043 0.202768 -0.156073 -0 -1 -0 Render_0_17.png
0.0560719 -0.102255 -0.0744957 0.414043 0.202768 -0.156073 0 0 1 Render_0_18.png
0.0560719 -0.102255 -0.0744957 0.414043 0.202768 -0.156073 -0 -0 -1 Render_0_19.png
0.0560719 -0.102255 -0.0744957 0.593028 0.355279 -0.196861 0 1 0 Render_0_20.png
0.0560719 -0.102255 -0.0744957 0.593028 0.355279 -0.196861 -0 -1 -0 Render_0_21.png
0.0560719 -0.102255 -0.0744957 0.593028 0.355279 -0.196861 0 0 1 Render_0_22.png
0.0560719 -0.102255 -0.0744957 0.593028 0.355279 -0.196861 -0 -0 -1 Render_0_23.png
0.0560719 -0.102255 -0.0744957 0.0885121 -0.231526 -0.272954 1 0 0 Render_0_24.png
0.0560719 -0.102255 -0.0744957 0.0885121 -0.231526 -0.272954 -1 -0 -0 Render_0_25.png
0.0560719 -0.102255 -0.0744957 0.0885121 -0.231526 -0.272954 0 1 0 Render_0_26.png
0.0560719 -0.102255 -0.0744957 0.0885121 -0.231526 -0.272954 -0 -1 -0 Render_0_27.png
0.0560719 -0.102255 -0.0744957 0.120952 -0.360798 -0.471412 1 0 0 Render_0_28.png
0.0560719 -0.102255 -0.0744957 0.120952 -0.360798 -0.471412 -1 -0 -0 Render_0_29.png
0.0560719 -0.102255 -0.0744957 0.120952 -0.360798 -0.471412 0 1 0 Render_0_30.png
0.0560719 -0.102255 -0.0744957 0.120952 -0.360798 -0.471412 -0 -1 -0 Render_0_31.png
0.0560719 -0.102255 -0.0744957 0.153393 -0.490069 -0.66987 1 0 0 Render_0_32.png
0.0560719 -0.102255 -0.0744957 0.153393 -0.490069 -0.66987 -1 -0 -0 Render_0_33.png
0.0560719 -0.102255 -0.0744957 0.153393 -0.490069 -0.66987 0 1 0 Render_0_34.png
0.0560719 -0.102255 -0.0744957 0.153393 -0.490069 -0.66987 -0 -1 -0 Render_0_35.png
0.0560719 -0.102255 -0.0744957 -0.13895 -0.20286 0.0190752 0 1 0 Render_0_36.png
0.0560719 -0.102255 -0.0744957 -0.13895 -0.20286 0.0190752 -0 -1 -0 Render_0_37.png
0.0560719 -0.102255 -0.0744957 -0.13895 -0.20286 0.0190752 0 0 1 Render_0_38.png
0.0560719 -0.102255 -0.0744957 -0.13895 -0.20286 0.0190752 -0 -0 -1 Render_0_39.png
0.0560719 -0.102255 -0.0744957 -0.333971 -0.303466 0.112646 0 1 0 Render_0_40.png
0.0560719 -0.102255 -0.0744957 -0.333971 -0.303466 0.112646 -0 -1 -0 Render_0_41.png
0.0560719 -0.102255 -0.0744957 -0.333971 -0.303466 0.112646 0 0 1 Render_0_42.png
0.0560719 -0.102255 -0.0744957 -0.333971 -0.303466 0.112646 -0 -0 -1 Render_0_43.png
0.0560719 -0.102255 -0.0744957 -0.528993 -0.404071 0.206217 0 1 0 Render_0_44.png
0.0560719 -0.102255 -0.0744957 -0.528993 -0.404071 0.206217 -0 -1 -0 Render_0_45.png
0.0560719 -0.102255 -0.0744957 -0.528993 -0.404071 0.206217 0 0 1 Render_0_46.png
0.0560719 -0.102255 -0.0744957 -0.528993 -0.404071 0.206217 -0 -0 -1 Render_0_47.png
