0.0568854 -0.0949323 -0.0588641 -0.0736208 -0.266795 0.0433245 1 0 0 Render_0_0.png
0.0568854 -0.0949323 -0.0588641 -0.0736208 -0.266795 0.0433245 -1 -0 -0 Render_0_1.png
0.0568854 -0.0949323 -0.0588641 -0.0736208 -0.266795 0.0433245 0 0 1 Render_0_2.png
0.0568854 -0.0949323 -0.0588641 -0.0736208 -0.266795 0.0433245 -0 -0 -1 Render_0_3.png
0.0568854 -0.0949323 -0.0588641 -0.204127 -0.438658 0.145513 1 0 0 Render_0_4.png
0.0568854 -0.0949323 -0.0588641 -0.204127 -0.438658 0.145513 -1 -0 -0 Render_0_5.png
0.0568854 -0.0949323 -0.0588641 -0.204127 -0.438658 0.145513 0 0 1 Render_0_6.png
0.0568854 -0.0949323 -0.0588641 -0.204127 -0.438658 0.145513 -0 -0 -1 Render_0_7.png
0.0568854 -0.0949323 -0.0588641 -0.334633 -0.610521 0.247702 1 0 0 Render_0_8.png
0.0568854 -0.0949323 -0.0588641 -0.334633 -0.610521 0.247702 -1 -0 -0 Render_0_9.png
0.0568854 -0.0949323 -0.0588641 -0.334633 -0.610521 0.247702 0 0 1 Render_0_10.png
0.0568854 -0.0949323 -0.0588641 -0.334633 -0.610521 0.247702 -0 -0 -1 Render_0_11.png
0.0568854 -0.0949323 -0.0588641 0.227423 -0.218066 0.053766 0 1 0 Render_0_12.png
0.0568854 -0.0949323 -0.0588641 0.227423 -0.218066 0.053766 -0 -1 -0 Render_0_13.png
0.0568854 -0.0949323 -0.0588641 0.227423 -0.218066 0.053766 0 0 1 Render_0_14.png
0.0568854 -0.0949323 -0.0588641 0.227423 -0.218066 0.053766 -0 -0 -1 Render_0_15.png
0.0568854 -0.0949323 -0.0588641 0.397961 -0.3412 0.166396 0 1 0 Render_0_16.png
0.0568854 -0.0949323 -0.0588641 0.397961 -0.3412 0.166396 -0 -1 -0 Render_0_17.png
0.0568854 -0.0949323 -0.0588641 0.397961 -0.3412 0.166396 0 0 1 Render_0_18.png
0.0568854 -0.0949323 -0.0588641 0.397961 -0.3412 0.166396 -0 -0 -1 Render_0_19.png
0.0568854 -0.0949323 -0.0588641 0.568499 -0.464334 0.279026 0 1 0 Render_0_20.png
0.0568854 -0.0949323 -0.0588641 0.568499 -0.464334 0.279026 -0 -1 -0 Render_0_21.png
0.0568854 -0.0949323 -0.0588641 0.568499 -0.464334 0.279026 0 0 1 Render_0_22.png
0.0568854 -0.0949323 -0.0588641 0.568499 -0.464334 0.279026 -0 -0 -1 Render_0_23.png
0.0568854 -0.0949323 -0.0588641 0.289969 -0.0762344 -0.0103891 0 1 0 Render_0_24.png
0.0568854 -0.0949323 -0.0588641 0.289969 -0.0762344 -0.0103891 -0 -1 -0 Render_0_25.png
0.0568854 -0.0949323 -0.0588641 0.289969 -0.0762344 -0.0103891 0 0 1 Render_0_26.png
0.0568854 -0.0949323 -0.0588641 0.289969 -0.0762344 -0.0103891 -0 -0 -1 Render_0_27.png
0.0568854 -0.0949323 -0.0588641 0.523052 -0.0575366 0.0380859 0 1 0 Render_0_28.png
0.0568854 -0.0949323 -0.0588641 0.523052 -0.0575366 0.0380859 -0 -1 -0 Render_0_29.png
0.0568854 -0.0949323 -0.0588641 0.523052 -0.0575366 0.0380859 0 0 1 Render_0_30.png
0.0568854 -0.0949323 -0.0588641 0.523052 -0.0575366 0.0380859 -0 -0 -1 Render_0_31.png
0.0568854 -0.0949323 -0.0588641 0.756136 -0.0388387 0.0865608 0 1 0 Render_0_32.png
0.0568854 -0.0949323 -0.0588641 0.756136 -0.0388387 0.0865608 -0 -1 -0 Render_0_33.png
0.0568854 -0.0949323 -0.0588641 0.756136 -0.0388387 0.0865608 0 0 1 Render_0_34.png
0.0568854 -0.0949323 -0.0588641 0.756136 -0.0388387 0.0865608 -0 -0 -1 Render_0_35.png
0.0568854 -0.0949323 -0.0588641 -0.0946725 -0.0494193 0.119708 1 0 0 Render_0_36.png
0.0568854 -0.0949323 -0.0588641 -0.0946725 -0.0494193 0.119708 -1 -0 -0 Render_0_37.png
0.0568854 -0.0949323 -0.0588641 -0.0946725 -0.0494193 0.119708 0 1 0 Render_0_38.png
0.0568854 -0.0949323 -0.0588641 -0.0946725 -0.0494193 0.119708 -0 -1 -0 Render_0_39.png
0.0568854 -0.0949323 -0.0588641 -0.24623 -0.00390625 0.298281 1 0 0 Render_0_40.png
0.0568854 -0.0949323 -0.0588641 -0.24623 -0.00390625 0.298281 -1 -0 -0 Render_0_41.png
0.0568854 -0.0949323 -0.0588641 -0.24623 -0.00390625 0.298281 0 1 0 Render_0_42.png
0.0568854 -0.0949323 -0.0588641 -0.24623 -0.00390625 0.298281 -0 -1 -0 Render_0_43.png
0.0568854 -0.0949323 -0.0588641 -0.397788 0.0416068 0.476853 1 0 0 Render_0_44.png
0.0568854 -0.0949323 -0.0588641 -0.397788 0.0416068 0.476853 -1 -0 -0 Render_0_45.png
0.0568854 -0.0949323 -0.0588641 -0.397788 0.0416068 0.476853 0 1 0 Render_0_46.png
0.0568854 -0.0949323 -0.0588641 -0.397788 0.0416068 0.476853 -0 -1 -0 Render_0_47.png
