0.581855 -0.582681 -0.563094 
0.460278 0.476209 -0.744796 
0.135043 0.77591 0.610763 
-0.969892 0.127185 -0.197497 
-0.704187 -0.0882087 -0.699253 
0.72336 -0.103758 -0.678286 
-0.0578418 0.995024 -0.0345771 
-0.38526 -0.920275 0.0239157 
0.901223 -0.368556 -0.222613 
-0.858868 0.250971 0.443394 
0.551077 0.658478 0.508967 
-0.412033 0.334833 0.84285 
-0.33835 0.91665 -0.200088 
-0.347379 0.555358 -0.750951 
0.676482 0.39527 0.618028 
-0.718203 -0.35108 -0.596026 
0.747386 0.636839 -0.17032 
0.37729 0.815323 0.432259 
0.229953 -0.727273 0.643054 
0.995551 -0.00295569 -0.0550979 
0.334933 0.713456 -0.614767 
0.606886 -0.70985 -0.348548 
-0.0648186 -0.74064 -0.664877 
-0.922976 0.0261654 0.374624 
-0.620602 -0.774814 0.0846391 
0.892522 0.406196 -0.180345 
0.372877 -0.559116 0.736387 
-0.696126 -0.605209 -0.377248 
0.121934 -0.520646 0.844394 
0.678361 0.727935 0.0541096 
-0.166347 0.139613 -0.972645 
-0.261466 -0.497132 0.824179 
0.370353 -0.596688 -0.706051 
0.363357 0.135779 -0.919937 
0.67824 0.0889066 0.725266 
-0.121961 -0.966004 -0.213871 
-0.665055 -0.362853 0.647225 
0.172878 -0.749991 -0.635215 
0.100975 -0.961833 0.244368 
-0.146007 -0.875208 -0.456065 
-0.30063 0.132347 0.941161 
0.317711 0.872007 -0.363195 
-0.732583 0.505658 -0.448009 
0.953256 -0.120543 -0.268416 
0.522019 0.812675 -0.249272 
-0.0487862 -0.360531 -0.929653 
-0.0580587 0.216195 0.971109 
0.284032 0.61085 0.734205 
0.712217 -0.514244 0.470377 
0.129267 0.981534 0.119249 
-0.545033 -0.717751 0.42677 
0.585849 0.195615 -0.782483 
0.0576853 -0.873063 0.476463 
-0.474798 -0.51541 -0.710315 
-0.496162 -0.083429 -0.861235 
-0.915623 -0.381291 -0.102007 
0.860517 0.492008 0.122451 
-0.23645 -0.281029 0.926593 
0.973426 0.0780879 0.202446 
-0.488041 0.737588 0.460553 
0.0706554 -0.993922 -0.0142759 
-0.279558 0.726911 0.621257 
0.813901 0.442074 0.367695 
0.139327 0.914695 0.375812 
0.292777 -0.878574 0.37539 
-0.129818 -0.980467 0.131399 
0.663013 -0.692257 0.275866 
0.148653 -0.945504 -0.282196 
0.516515 0.321476 0.790186 
0.13513 0.599443 -0.787274 
-0.047824 0.666313 0.739982 
-0.691258 0.706717 -0.12877 
-0.879284 0.42195 -0.207066 
0.767807 -0.521041 -0.363717 
-0.306645 -0.246416 -0.918388 
0.201709 -0.307414 -0.925805 
-0.250355 -0.511683 -0.818218 
0.13546 -0.539796 -0.828698 
-0.421822 0.715013 -0.551368 
-0.244487 0.528594 0.811229 
-0.82452 -0.168658 0.535247 
0.180736 0.320044 -0.927255 
-0.0912425 -0.0916051 -0.989752 
-0.318105 -0.697079 -0.638581 
0.747119 -0.645298 -0.139523 
-0.378385 0.339038 -0.857595 
-0.570127 0.506755 -0.641721 
-0.660515 0.261041 -0.700622 
-0.32607 -0.690358 0.641523 
0.821447 -0.268087 0.496167 
-0.492895 0.536944 0.681242 
0.350771 -0.925925 0.118207 
-0.814347 -0.420096 0.390722 
-0.413881 -0.820819 -0.391203 
0.267767 0.369383 0.885954 
-0.871107 -0.347735 -0.339418 
0.606376 0.741339 0.282817 
0.156018 -0.293498 0.940219 
-0.476185 -0.359352 0.800959 
-0.122727 -0.0716305 0.986625 
-0.516845 0.851291 -0.054195 
0.759226 -0.313892 -0.563718 
0.601574 -0.79398 0.0286131 
-0.878861 0.457786 0.106496 
-0.858794 0.242437 -0.448 
0.510373 -0.683166 0.516737 
0.594588 0.670053 -0.435766 
-0.695246 0.398287 0.592757 
0.887504 0.144593 -0.429664 
-0.41705 0.89065 0.170749 
-0.632951 0.190076 0.745772 
-0.656982 -0.731949 -0.164361 
-0.531132 0.774071 -0.336796 
0.52459 -0.0558934 -0.845323 
0.934229 -0.233951 0.259389 
0.851574 -0.49954 0.146846 
-0.392147 -0.874686 0.275828 
-0.994959 0.0159341 0.0561326 
-0.0816009 0.955034 -0.272874 
0.882477 0.205515 0.416088 
0.175828 0.0374811 0.981392 
0.963271 0.257591 0.03122 
0.441153 -0.332745 0.828963 
-0.828439 -0.533262 0.150033 
-0.605023 0.751664 0.249525 
0.967407 -0.245127 -0.0197282 
-0.0688733 -0.701339 0.707034 
0.648265 -0.350458 0.671741 
-0.730493 0.555477 0.388762 
-0.670618 -0.103476 0.731153 
0.390445 0.896676 0.190836 
-0.118538 0.383577 -0.913252 
-0.855214 -0.134669 -0.496608 
-0.220371 -0.849355 0.47231 
0.305855 0.947675 -0.0470834 
0.743012 0.475129 -0.46259 
0.080001 0.884077 -0.452821 
0.569159 -0.374509 -0.72889 
-0.125377 0.65606 -0.740443 
-0.137123 0.824994 -0.543812 
0.368446 -0.905238 -0.197357 
0.324806 -0.828986 -0.447622 
-0.423266 -0.106327 0.896461 
-0.939416 -0.306513 0.131548 
0.424419 0.0610872 0.900263 
0.0157044 0.474045 0.877532 
0.743798 0.264524 -0.608933 
-0.971743 -0.122022 -0.18748 
-0.215178 0.874845 0.425153 
0.147441 -0.0630081 -0.983644 
